0 10000 2 100 6 23145
0 10000 2 200 7 23787
0 10000 2 300 6 24581
0 10000 2 400 8 26753
0 10000 2 500 5 25448
0 10000 2 600 5 26006
0 10000 2 700 6 28388
0 10000 2 800 8 27357
0 10000 2 900 9 27522
0 10000 2 1000 5 28792
0 10000 2 1100 5 28714
0 10000 2 1200 7 30722
0 10000 2 1300 6 31204
0 10000 2 1400 6 30184
0 10000 2 1500 6 30830
0 10000 2 1600 6 32567
0 10000 2 1700 6 31505
0 10000 2 1800 6 32133
0 10000 2 1900 7 34805
0 10000 2 2000 7 34380
0 10000 2 2100 6 34394
0 10000 2 2200 6 34233
0 10000 2 2300 7 36446
0 10000 2 2400 7 36472
0 10000 2 2500 7 38512
0 10000 2 2600 7 36878
0 10000 2 2700 7 36594
0 10000 2 2800 7 37882
0 10000 2 2900 9 39286
0 10000 2 3000 8 38382
0 100000 2 100 55 235821
0 100000 2 200 48 232433
0 100000 2 300 47 234278
0 100000 2 400 58 251160
0 100000 2 500 50 234918
0 100000 2 600 52 246027
0 100000 2 700 46 230798
0 100000 2 800 50 234192
0 100000 2 900 49 233129
0 100000 2 1000 45 230595
0 100000 2 1100 48 238635
0 100000 2 1200 50 236990
0 100000 2 1300 56 253558
0 100000 2 1400 48 240259
0 100000 2 1500 56 251115
0 100000 2 1600 62 235121
0 100000 2 1700 50 241184
0 100000 2 1800 52 244700
0 100000 2 1900 56 255731
0 100000 2 2000 58 243345
0 100000 2 2100 55 248416
0 100000 2 2200 52 245070
0 100000 2 2300 50 239684
0 100000 2 2400 77 256215
0 100000 2 2500 70 246083
0 100000 2 2600 62 244415
0 100000 2 2700 59 245591
0 100000 2 2800 58 262461
0 100000 2 2900 51 243043
0 100000 2 3000 65 262218
0 10000 4 100 8 22474
0 10000 4 200 6 22986
0 10000 4 300 6 23520
0 10000 4 400 4 24482
0 10000 4 500 5 24969
0 10000 4 600 5 25515
0 10000 4 700 4 25516
0 10000 4 800 5 26470
0 10000 4 900 6 26961
0 10000 4 1000 5 27471
0 10000 4 1100 6 28024
0 10000 4 1200 5 28491
0 10000 4 1300 6 28992
0 10000 4 1400 6 29521
0 10000 4 1500 5 29450
0 10000 4 1600 6 30472
0 10000 4 1700 6 30991
0 10000 4 1800 6 31477
0 10000 4 1900 7 31992
0 10000 4 2000 6 32472
0 10000 4 2100 6 32564
0 10000 4 2200 7 33525
0 10000 4 2300 7 34001
0 10000 4 2400 6 34481
0 10000 4 2500 10 35029
0 10000 4 2600 6 35442
0 10000 4 2700 8 36028
0 10000 4 2800 7 36455
0 10000 4 2900 9 37029
0 10000 4 3000 7 37079
0 100000 4 100 48 225420
0 100000 4 200 48 220882
0 100000 4 300 46 226343
0 100000 4 400 51 226878
0 100000 4 500 43 222480
0 100000 4 600 44 227849
0 100000 4 700 43 228714
0 100000 4 800 47 223707
0 100000 4 900 50 229377
0 100000 4 1000 42 225169
0 100000 4 1100 42 225406
0 100000 4 1200 45 230992
0 100000 4 1300 46 226966
0 100000 4 1400 52 226070
0 100000 4 1500 44 228027
0 100000 4 1600 45 232988
0 100000 4 1700 54 228824
0 100000 4 1800 48 233870
0 100000 4 1900 44 234397
0 100000 4 2000 43 234868
0 100000 4 2100 52 235028
0 100000 4 2200 48 235835
0 100000 4 2300 46 236492
0 100000 4 2400 44 236870
0 100000 4 2500 45 232726
0 100000 4 2600 49 237846
0 100000 4 2700 44 238368
0 100000 4 2800 45 238889
0 100000 4 2900 43 234723
0 100000 4 3000 50 239775
3 10000 2 100 6 25887
3 10000 2 200 6 25710
1 10000 2 300 5 26281
3 10000 2 400 4 24770
2 10000 2 500 6 27213
2 10000 2 600 5 27450
4 10000 2 700 5 27956
2 10000 2 800 6 28724
1 10000 2 900 5 27968
3 10000 2 1000 6 29733
2 10000 2 1100 6 30324
4 10000 2 1200 6 29910
1 10000 2 1300 6 31243
1 10000 2 1400 6 31287
1 10000 2 1500 6 31350
1 10000 2 1600 5 30858
3 10000 2 1700 6 33192
1 10000 2 1800 6 32671
1 10000 2 1900 7 33883
1 10000 2 2000 7 34770
3 10000 2 2100 6 34015
3 10000 2 2200 7 35764
2 10000 2 2300 7 35643
1 10000 2 2400 9 36900
4 10000 2 2500 6 35487
1 10000 2 2600 8 37087
1 10000 2 2700 8 36542
3 10000 2 2800 9 38542
1 10000 2 2900 7 37496
3 10000 2 3000 8 40087
2 100000 2 100 53 246689
3 100000 2 200 52 244249
4 100000 2 300 48 234146
3 100000 2 400 58 250434
3 100000 2 500 49 234273
1 100000 2 600 52 246271
2 100000 2 700 50 229957
1 100000 2 800 50 234957
1 100000 2 900 49 239948
4 100000 2 1000 48 239448
3 100000 2 1100 57 251854
4 100000 2 1200 58 253353
1 100000 2 1300 49 239755
1 100000 2 1400 49 240514
3 100000 2 1500 68 253695
2 100000 2 1600 47 233920
4 100000 2 1700 54 255787
3 100000 2 1800 48 237225
1 100000 2 1900 54 241729
1 100000 2 2000 49 243426
1 100000 2 2100 55 258961
1 100000 2 2200 55 249554
3 100000 2 2300 53 244543
3 100000 2 2400 49 243525
2 100000 2 2500 55 260011
1 100000 2 2600 56 245737
2 100000 2 2700 49 240409
1 100000 2 2800 56 262476
2 100000 2 2900 50 248676
1 100000 2 3000 55 247734
1 10000 4 100 6 28127
1 10000 4 200 4 22978
3 10000 4 300 5 23978
4 10000 4 400 4 24497
1 10000 4 500 4 25028
3 10000 4 600 5 25431
1 10000 4 700 4 25646
1 10000 4 800 4 26091
2 10000 4 900 5 27003
4 10000 4 1000 5 27475
2 10000 4 1100 5 27758
2 10000 4 1200 5 28007
4 10000 4 1300 5 28990
4 10000 4 1400 5 29472
1 10000 4 1500 5 29753
4 10000 4 1600 5 30061
1 10000 4 1700 5 31030
2 10000 4 1800 6 31080
3 10000 4 1900 6 32027
1 10000 4 2000 6 32470
4 10000 4 2100 6 33026
1 10000 4 2200 6 33041
1 10000 4 2300 6 33503
2 10000 4 2400 6 34096
3 10000 4 2500 6 34967
4 10000 4 2600 6 35099
4 10000 4 2700 10 36028
1 10000 4 2800 7 36082
2 10000 4 2900 8 37023
3 10000 4 3000 8 37486
4 100000 4 100 44 223937
3 100000 4 200 40 221117
1 100000 4 300 42 226132
3 100000 4 400 44 226987
1 100000 4 500 50 221526
2 100000 4 600 43 227993
1 100000 4 700 41 223401
4 100000 4 800 43 228582
3 100000 4 900 52 224668
1 100000 4 1000 46 229965
4 100000 4 1100 43 230029
4 100000 4 1200 44 231184
1 100000 4 1300 44 226666
1 100000 4 1400 47 226943
1 100000 4 1500 44 232487
1 100000 4 1600 44 232868
2 100000 4 1700 41 228530
4 100000 4 1800 47 232450
1 100000 4 1900 46 234400
3 100000 4 2000 42 230040
1 100000 4 2100 43 235364
2 100000 4 2200 45 235798
4 100000 4 2300 49 231458
1 100000 4 2400 46 236902
1 100000 4 2500 45 237370
3 100000 4 2600 60 238216
3 100000 4 2700 61 238715
4 100000 4 2800 51 233981
4 100000 4 2900 48 234498
3 100000 4 3000 52 235076
