0 10000 2 100 5 24194
0 10000 2 200 5 24077
0 10000 2 300 6 24112
0 10000 2 400 5 25499
0 10000 2 500 5 24622
0 10000 2 600 5 24856
0 10000 2 700 5 26316
0 10000 2 800 5 25348
0 10000 2 900 5 25444
0 10000 2 1000 5 25848
0 10000 2 1100 5 25744
0 10000 2 1200 5 27261
0 10000 2 1300 6 27543
0 10000 2 1400 5 26793
0 10000 2 1500 5 26686
0 10000 2 1600 5 28074
0 10000 2 1700 6 27169
0 10000 2 1800 5 27051
0 10000 2 1900 6 28450
0 10000 2 2000 6 28576
0 10000 2 2100 6 28366
0 10000 2 2200 7 27911
0 10000 2 2300 6 29546
0 10000 2 2400 7 29426
0 10000 2 2500 6 30015
0 10000 2 2600 6 28561
0 10000 2 2700 6 28725
0 10000 2 2800 7 29749
0 10000 2 2900 6 30560
0 10000 2 3000 6 29679
0 100000 2 100 51 240189
0 100000 2 200 49 235822
0 100000 2 300 53 237995
0 100000 2 400 54 250495
0 100000 2 500 50 237405
0 100000 2 600 51 248625
0 100000 2 700 53 237320
0 100000 2 800 52 235198
0 100000 2 900 49 239236
0 100000 2 1000 50 245402
0 100000 2 1100 55 239496
0 100000 2 1200 51 236568
0 100000 2 1300 52 248954
0 100000 2 1400 50 240112
0 100000 2 1500 57 246757
0 100000 2 1600 56 239035
0 100000 2 1700 59 240023
0 100000 2 1800 55 243335
0 100000 2 1900 62 253173
0 100000 2 2000 56 240614
0 100000 2 2100 51 247161
0 100000 2 2200 52 241872
0 100000 2 2300 53 241189
0 100000 2 2400 53 252276
0 100000 2 2500 51 242637
0 100000 2 2600 52 239761
0 100000 2 2700 55 241284
0 100000 2 2800 53 255100
0 100000 2 2900 50 242879
0 100000 2 3000 55 252807
0 10000 4 100 5 22513
0 10000 4 200 4 22710
0 10000 4 300 4 22984
0 10000 4 400 4 23286
0 10000 4 500 4 23476
0 10000 4 600 5 23719
0 10000 4 700 4 23753
0 10000 4 800 4 24074
0 10000 4 900 5 24265
0 10000 4 1000 4 24476
0 10000 4 1100 4 24728
0 10000 4 1200 4 24895
0 10000 4 1300 4 25096
0 10000 4 1400 4 25325
0 10000 4 1500 4 25388
0 10000 4 1600 4 25676
0 10000 4 1700 4 25895
0 10000 4 1800 5 26085
0 10000 4 1900 5 26296
0 10000 4 2000 5 26476
0 10000 4 2100 5 26553
0 10000 4 2200 5 26929
0 10000 4 2300 5 26913
0 10000 4 2400 5 27285
0 10000 4 2500 5 27533
0 10000 4 2600 5 27656
0 10000 4 2700 5 27932
0 10000 4 2800 5 28080
0 10000 4 2900 5 28333
0 10000 4 3000 5 28313
0 100000 4 100 47 225196
0 100000 4 200 42 223661
0 100000 4 300 42 225447
0 100000 4 400 41 225682
0 100000 4 500 42 224358
0 100000 4 600 51 226053
0 100000 4 700 42 226618
0 100000 4 800 41 224819
0 100000 4 900 41 226681
0 100000 4 1000 47 225577
0 100000 4 1100 56 225551
0 100000 4 1200 42 227396
0 100000 4 1300 42 226177
0 100000 4 1400 43 226943
0 100000 4 1500 50 226669
0 100000 4 1600 42 228192
0 100000 4 1700 43 226872
0 100000 4 1800 42 228474
0 100000 4 1900 45 228701
0 100000 4 2000 44 228899
0 100000 4 2100 42 228732
0 100000 4 2200 42 229239
0 100000 4 2300 44 229596
0 100000 4 2400 46 229674
0 100000 4 2500 43 228567
0 100000 4 2600 42 230050
0 100000 4 2700 42 230273
0 100000 4 2800 46 230493
0 100000 4 2900 45 229403
0 100000 4 3000 42 230879
3 10000 2 100 6 25981
3 10000 2 200 5 25341
1 10000 2 300 6 25630
3 10000 2 400 5 25184
2 10000 2 500 5 25912
2 10000 2 600 5 25767
4 10000 2 700 5 25885
2 10000 2 800 5 26486
1 10000 2 900 5 25359
3 10000 2 1000 5 26995
2 10000 2 1100 5 27039
4 10000 2 1200 5 26729
1 10000 2 1300 5 27286
1 10000 2 1400 5 27461
1 10000 2 1500 7 26743
1 10000 2 1600 6 27548
3 10000 2 1700 5 28139
1 10000 2 1800 7 27028
1 10000 2 1900 5 28572
1 10000 2 2000 7 28721
3 10000 2 2100 6 29103
3 10000 2 2200 6 29262
2 10000 2 2300 6 28315
1 10000 2 2400 6 29679
4 10000 2 2500 6 28999
1 10000 2 2600 6 28762
1 10000 2 2700 6 29751
3 10000 2 2800 6 29450
1 10000 2 2900 6 29466
3 10000 2 3000 6 30161
2 100000 2 100 52 246055
3 100000 2 200 53 247665
4 100000 2 300 53 237214
3 100000 2 400 51 248978
3 100000 2 500 52 236394
1 100000 2 600 56 248464
2 100000 2 700 58 241611
1 100000 2 800 49 235813
1 100000 2 900 50 241890
4 100000 2 1000 56 240631
3 100000 2 1100 55 251406
4 100000 2 1200 51 249234
1 100000 2 1300 49 239238
1 100000 2 1400 58 240477
3 100000 2 1500 53 251981
2 100000 2 1600 51 249187
4 100000 2 1700 55 249919
3 100000 2 1800 53 240286
1 100000 2 1900 51 240599
1 100000 2 2000 51 240567
1 100000 2 2100 54 250921
1 100000 2 2200 54 246254
3 100000 2 2300 51 241347
3 100000 2 2400 50 240225
2 100000 2 2500 57 254892
1 100000 2 2600 52 241883
2 100000 2 2700 50 249065
1 100000 2 2800 52 254113
2 100000 2 2900 57 243279
1 100000 2 3000 51 242235
1 10000 4 100 7 29399
1 10000 4 200 4 22720
3 10000 4 300 4 23086
4 10000 4 400 4 23327
1 10000 4 500 4 23532
3 10000 4 600 4 23635
1 10000 4 700 4 23713
1 10000 4 800 4 24027
2 10000 4 900 4 24332
4 10000 4 1000 4 24487
2 10000 4 1100 4 24559
2 10000 4 1200 4 24714
4 10000 4 1300 4 25094
4 10000 4 1400 4 25276
1 10000 4 1500 4 25526
4 10000 4 1600 4 25587
1 10000 4 1700 5 25934
2 10000 4 1800 5 25957
3 10000 4 1900 5 26331
1 10000 4 2000 5 26483
4 10000 4 2100 6 26730
1 10000 4 2200 6 26708
1 10000 4 2300 8 27006
2 10000 4 2400 6 27178
3 10000 4 2500 5 27471
4 10000 4 2600 7 27542
4 10000 4 2700 5 27932
1 10000 4 2800 6 27919
2 10000 4 2900 8 28332
3 10000 4 3000 6 28498
4 100000 4 100 41 224678
3 100000 4 200 42 223963
1 100000 4 300 41 225236
3 100000 4 400 55 225791
1 100000 4 500 43 225087
2 100000 4 600 41 226197
1 100000 4 700 41 224754
4 100000 4 800 44 226186
3 100000 4 900 53 225465
1 100000 4 1000 43 226969
4 100000 4 1100 44 226733
4 100000 4 1200 49 227670
1 100000 4 1300 45 226226
1 100000 4 1400 42 226087
1 100000 4 1500 41 227992
1 100000 4 1600 41 228072
2 100000 4 1700 46 226879
4 100000 4 1800 42 228099
1 100000 4 1900 43 228704
3 100000 4 2000 42 227422
1 100000 4 2100 46 229069
2 100000 4 2200 46 229223
4 100000 4 2300 43 227955
1 100000 4 2400 42 229706
1 100000 4 2500 43 229874
3 100000 4 2600 44 230420
3 100000 4 2700 45 230619
4 100000 4 2800 43 228851
4 100000 4 2900 42 229066
3 100000 4 3000 43 229423
