0 10000 2 100 8 20243
0 10000 2 200 6 20103
0 10000 2 300 5 20411
0 10000 2 400 5 20470
0 10000 2 500 9 20530
0 10000 2 600 5 20609
0 10000 2 700 6 20684
0 10000 2 800 6 20877
0 10000 2 900 8 20743
0 10000 2 1000 6 21146
0 10000 2 1100 6 21032
0 10000 2 1200 6 21257
0 10000 2 1300 7 21286
0 10000 2 1400 7 21231
0 10000 2 1500 11 21628
0 10000 2 1600 10 21665
0 10000 2 1700 10 21706
0 10000 2 1800 7 21855
0 10000 2 1900 8 21844
0 10000 2 2000 7 21989
0 10000 2 2100 6 22009
0 10000 2 2200 6 22104
0 10000 2 2300 10 22267
0 10000 2 2400 9 22389
0 10000 2 2500 6 22518
0 10000 2 2600 8 22692
0 10000 2 2700 10 22628
0 10000 2 2800 9 22718
0 10000 2 2900 8 22916
0 10000 2 3000 9 23015
0 100000 2 100 77 200170
0 100000 2 200 68 200315
0 100000 2 300 59 200173
0 100000 2 400 66 200433
0 100000 2 500 71 200495
0 100000 2 600 84 200490
0 100000 2 700 83 200468
0 100000 2 800 83 200840
0 100000 2 900 100 200878
0 100000 2 1000 84 201047
0 100000 2 1100 76 200967
0 100000 2 1200 74 201234
0 100000 2 1300 69 201262
0 100000 2 1400 65 201264
0 100000 2 1500 84 201770
0 100000 2 1600 78 201339
0 100000 2 1700 71 201522
0 100000 2 1800 76 201792
0 100000 2 1900 86 201840
0 100000 2 2000 92 202129
0 100000 2 2100 129 202201
0 100000 2 2200 99 202235
0 100000 2 2300 78 202477
0 100000 2 2400 101 202545
0 100000 2 2500 96 202393
0 100000 2 2600 64 202722
0 100000 2 2700 58 202508
0 100000 2 2800 67 202707
0 100000 2 2900 60 202666
0 100000 2 3000 60 202938
0 10000 4 100 4 13416
0 10000 4 200 4 13546
0 10000 4 300 4 13658
0 10000 4 400 4 13739
0 10000 4 500 4 13835
0 10000 4 600 4 14004
0 10000 4 700 4 14006
0 10000 4 800 4 14062
0 10000 4 900 6 14163
0 10000 4 1000 4 14355
0 10000 4 1100 4 14463
0 10000 4 1200 6 14638
0 10000 4 1300 6 14574
0 10000 4 1400 4 14801
0 10000 4 1500 4 14804
0 10000 4 1600 4 14870
0 10000 4 1700 4 15096
0 10000 4 1800 4 15140
0 10000 4 1900 4 15180
0 10000 4 2000 5 15318
0 10000 4 2100 5 15410
0 10000 4 2200 4 15578
0 10000 4 2300 4 15617
0 10000 4 2400 4 15760
0 10000 4 2500 4 15879
0 10000 4 2600 4 15958
0 10000 4 2700 4 16096
0 10000 4 2800 4 16065
0 10000 4 2900 4 16308
0 10000 4 3000 4 16311
0 100000 4 100 44 133463
0 100000 4 200 44 133391
0 100000 4 300 49 133367
0 100000 4 400 44 133684
0 100000 4 500 43 133965
0 100000 4 600 43 133937
0 100000 4 700 49 134382
0 100000 4 800 52 133990
0 100000 4 900 44 134068
0 100000 4 1000 43 134728
0 100000 4 1100 45 134119
0 100000 4 1200 49 134537
0 100000 4 1300 44 135063
0 100000 4 1400 43 134541
0 100000 4 1500 43 135138
0 100000 4 1600 50 134821
0 100000 4 1700 43 135038
0 100000 4 1800 43 135008
0 100000 4 1900 47 134984
0 100000 4 2000 49 135189
0 100000 4 2100 44 135171
0 100000 4 2200 43 135493
0 100000 4 2300 43 135511
0 100000 4 2400 46 135532
0 100000 4 2500 50 136241
0 100000 4 2600 44 135809
0 100000 4 2700 44 136174
0 100000 4 2800 45 136194
0 100000 4 2900 50 136594
0 100000 4 3000 44 136187
3 10000 2 100 9 30085
3 10000 2 200 5 20258
1 10000 2 300 5 20324
3 10000 2 400 6 20472
2 10000 2 500 6 20564
2 10000 2 600 6 20545
4 10000 2 700 6 20661
2 10000 2 800 6 20839
1 10000 2 900 5 21044
3 10000 2 1000 6 21020
2 10000 2 1100 6 21061
4 10000 2 1200 6 21127
1 10000 2 1300 6 21362
1 10000 2 1400 6 21444
1 10000 2 1500 6 21654
1 10000 2 1600 6 21395
3 10000 2 1700 6 21629
1 10000 2 1800 6 21675
1 10000 2 1900 7 21968
1 10000 2 2000 6 22062
3 10000 2 2100 6 21801
3 10000 2 2200 9 22247
2 10000 2 2300 6 22185
1 10000 2 2400 7 22478
4 10000 2 2500 6 22585
1 10000 2 2600 7 22665
1 10000 2 2700 6 22523
3 10000 2 2800 7 22743
1 10000 2 2900 6 22742
3 10000 2 3000 6 22912
2 100000 2 100 59 200052
3 100000 2 200 65 200068
4 100000 2 300 79 200431
3 100000 2 400 58 200189
3 100000 2 500 61 200743
1 100000 2 600 67 200468
2 100000 2 700 59 200365
1 100000 2 800 59 200831
1 100000 2 900 66 201109
4 100000 2 1000 59 200887
3 100000 2 1100 59 201278
4 100000 2 1200 66 201042
1 100000 2 1300 59 201431
1 100000 2 1400 59 201316
3 100000 2 1500 66 201736
2 100000 2 1600 62 201261
4 100000 2 1700 59 201607
3 100000 2 1800 60 201567
1 100000 2 1900 63 201790
1 100000 2 2000 59 202182
1 100000 2 2100 59 201995
1 100000 2 2200 66 202153
3 100000 2 2300 60 202135
3 100000 2 2400 59 202507
2 100000 2 2500 65 202685
1 100000 2 2600 69 202745
2 100000 2 2700 59 202815
1 100000 2 2800 66 202800
2 100000 2 2900 65 203045
1 100000 2 3000 59 203230
1 10000 4 100 7 23396
1 10000 4 200 4 13555
3 10000 4 300 4 13567
4 10000 4 400 4 13739
1 10000 4 500 4 13837
3 10000 4 600 4 13921
1 10000 4 700 4 14014
1 10000 4 800 4 14134
2 10000 4 900 4 14302
4 10000 4 1000 6 14411
2 10000 4 1100 4 14502
2 10000 4 1200 4 14511
4 10000 4 1300 8 14575
4 10000 4 1400 5 14679
1 10000 4 1500 5 14879
4 10000 4 1600 4 14953
1 10000 4 1700 4 15095
2 10000 4 1800 5 15200
3 10000 4 1900 4 15289
1 10000 4 2000 4 15310
4 10000 4 2100 5 15452
1 10000 4 2200 4 15524
1 10000 4 2300 4 15592
2 10000 4 2400 5 15786
3 10000 4 2500 4 15768
4 10000 4 2600 5 15935
4 10000 4 2700 5 16063
1 10000 4 2800 4 16148
2 10000 4 2900 5 16250
3 10000 4 3000 5 16412
4 100000 4 100 43 133320
3 100000 4 200 44 133947
1 100000 4 300 47 133526
3 100000 4 400 44 133598
1 100000 4 500 43 133540
2 100000 4 600 43 133804
1 100000 4 700 45 133715
4 100000 4 800 46 134117
3 100000 4 900 44 134547
1 100000 4 1000 44 134411
4 100000 4 1100 46 134171
4 100000 4 1200 46 134822
1 100000 4 1300 44 135007
1 100000 4 1400 44 134610
1 100000 4 1500 44 134790
1 100000 4 1600 47 135077
2 100000 4 1700 45 134984
4 100000 4 1800 43 135128
1 100000 4 1900 43 135174
3 100000 4 2000 45 135373
1 100000 4 2100 50 135575
2 100000 4 2200 47 135411
4 100000 4 2300 43 135320
1 100000 4 2400 43 135732
1 100000 4 2500 55 135987
3 100000 4 2600 44 136284
3 100000 4 2700 44 136325
4 100000 4 2800 43 136318
4 100000 4 2900 48 136080
3 100000 4 3000 44 136385
